#Month,Day,1980's Average,1990's Average,2000's Average,2002,2003,2004,2005,2006,2007,2008,2009,2010,2011,2012,2013
01,01,13177778,13025500,12486531,-9999,12787813,12708906,12287969,12325625,12344375,12322031,12286250,12255313,12008906,12524531,11997031
01,02,13208924,13044813,12536141,-9999,12856875,12743750,12335625,12381250,12395156,12383281,12373125,12279063,12082813,12562031,11914531
01,03,13279219,13080563,12594219,-9999,12936250,12760781,12395938,12458438,12440469,12448281,12465938,12327656,12121563,12553281,12180000
01,04,13357366,13129188,12646688,-9999,13063281,12847969,12539063,12550938,12520469,12520000,12548750,12407031,12243594,12536094,12231250
01,05,13404196,13160125,12689953,-9999,13182813,12918125,12596406,12592344,12586563,12561250,12589531,12477344,12369531,12557813,12196406
01,06,13445714,13212563,12730125,-9999,13249063,12902188,12595313,12560781,12578750,12611250,12637031,12537031,12410938,12632969,12269688
01,07,13478482,13259313,12767953,-9999,13284375,12879688,12584063,12528438,12617813,12654844,12650000,12605313,12407188,12715625,12411094
01,08,13523393,13302125,12809000,-9999,13298438,12944531,12590156,12526563,12631875,12709844,12735938,12640469,12361250,12803281,12454531
01,09,13562679,13346813,12848875,-9999,13262813,12992656,12644688,12605781,12572656,12725938,12883281,12682656,12362813,12884375,12470313
01,10,13590268,13397000,12889672,-9999,13291406,13026563,12672813,12642500,12504219,12755938,12945625,12733906,12352500,12868750,12571094
01,11,13604330,13427063,12920422,-9999,13334063,13063438,12682344,12641563,12462656,12816875,12990469,12802031,12393594,12926875,12658594
01,12,13629866,13470250,12953172,-9999,13401406,13129688,12697188,12637656,12530781,12863594,12993906,12855156,12482500,13083438,12741719
01,13,13670313,13512688,12987781,-9999,13449375,13198594,12701250,12672813,12596094,12903594,13063906,12891250,12545469,13044688,12793750
01,14,13725729,13546875,13037500,-9999,13517500,13222031,12722813,12695313,12700625,12958906,13160781,12944844,12634844,13025000,12809375
01,15,13761007,13582625,13081281,-9999,13569375,13195469,12764844,12664375,12775000,12998750,13282969,12977500,12678281,12971094,12901875
01,16,13771906,13611188,13112328,-9999,13630156,13204375,12843906,12610313,12840313,13012500,13364688,12979844,12679219,12882188,13005313
01,17,13828375,13651813,13160750,-9999,13691406,13254844,12953594,12596094,12923125,13025000,13363125,12984531,12691094,12839063,13039531
01,18,13875313,13683438,13195891,-9999,13765625,13296719,12914375,12554219,12979063,13034531,13385000,13014688,12678750,12882344,13045000
01,19,13923156,13718875,13226625,-9999,13843125,13351563,12906094,12527656,13052500,13116094,13471250,13085000,12708125,12943906,13094063
01,20,13961094,13761438,13265078,-9999,13892344,13387656,12870938,12526563,13103438,13130938,13439219,13112969,12739219,12990938,13102656
01,21,14009375,13806375,13304156,-9999,13912031,13402500,12873281,12526406,13165000,13189688,13383594,13091406,12768594,13089531,13137969
01,22,14053938,13826188,13334906,-9999,13803750,13421563,12918750,12623906,13209844,13367656,13390625,13076563,12804063,13150781,13144531
01,23,14090500,13874875,13358172,-9999,13695000,13445000,12970000,12747188,13294531,13496406,13396563,13060313,12848281,13199375,13168594
01,24,14111000,13909438,13388547,-9999,13692969,13430781,13058906,12691719,13385313,13570469,13387813,13104688,12878750,13110000,13077813
01,25,14137531,13925563,13423453,-9999,13718906,13395625,13113594,12665469,13414063,13603438,13363594,13155313,12916563,13123125,-9999
01,26,14169531,13945813,13455469,-9999,13741563,13447031,13110781,12799688,13395781,13620625,13413906,13111719,12996875,13204219,13404688
01,27,14208875,13988438,13486219,-9999,13848125,13528906,13098438,12880000,13395469,13653438,13459063,13077031,13090625,13227344,13388750
01,28,14257313,14017750,13520781,-9999,13920156,13564688,13157188,12946719,13352031,13712500,13508438,13145313,13155781,13195000,13380781
01,29,14286906,14059375,13556563,-9999,13917500,13553281,13240781,12958594,13371719,13747813,13583281,13199531,13180625,13210625,13401250
01,30,14312281,14099688,13590860,-9999,13930938,13511719,13301875,12963125,13430000,13729375,13609844,13262969,13232031,13215781,13398594
01,31,14326031,14123875,13627906,-9999,14022188,13503438,13250938,13053281,13442031,13685156,13670625,13313125,13279375,13227500,13335313
02,01,14331844,14138188,13651422,-9999,14088906,13484063,13246406,13132656,13427656,13666563,13712500,13332656,13316094,13082500,13404063
02,02,14361219,14164875,13682453,-9999,14111406,13526563,13281406,13205156,13476250,13783594,13715625,-9999,13342656,13145938,13447031
02,03,14390281,14193563,13703578,-9999,14067500,13639219,13311094,13260156,13482188,13842031,13692813,-9999,13372344,13301250,13521250
02,04,14395719,14212938,13718016,-9999,14043281,13688594,13292031,13322031,13487969,13893594,13730156,-9999,13369375,13327344,13611875
02,05,14417125,14240750,13741000,-9999,14049063,13729531,13233906,13339219,13470781,13990469,13727031,-9999,13362813,13335938,13616094
02,06,14435438,14258125,13763969,-9999,14058281,13753438,13234688,13350625,13448906,14046250,13765000,13417813,13371406,13352813,13608750
02,07,14445906,14279813,13788406,-9999,14072188,13802031,13311094,13376875,13520469,14038125,13945781,13467344,13387031,13417969,13638281
02,08,14446125,14310313,13829047,-9999,14140156,13868750,13423125,13344531,13563594,14046875,14050938,13498906,13393906,13488750,13710313
02,09,14441313,14320500,13857297,-9999,14162031,13946250,13478906,13380625,13583125,14064375,14076094,13518594,13412656,13501250,13766563
02,10,14456781,14340813,13874500,-9999,14169063,14020938,13434531,13468125,13618906,14074844,14070156,13517344,13393906,13545313,13784063
02,11,14470813,14347625,13899469,-9999,14200625,14095313,13431563,13538125,13672500,14114219,14001563,13516250,13423125,13600781,-9999
02,12,14476844,14368813,13918203,-9999,14185156,14121406,13442969,13553438,13709375,14137344,13952813,13612188,13463438,13679688,-9999
02,13,14496656,14378313,13940125,-9999,14245000,14130781,13443750,13552813,13722031,14124531,13962813,13699688,13510156,13684844,-9999
02,14,14529344,14382063,13949875,-9999,14342344,14150156,13501094,13533906,13750781,14050938,14023438,13764063,13527344,13615938,13947500
02,15,14548531,14394438,13957844,-9999,14412969,14153281,13620000,13508750,13790938,13960625,14054688,13807500,13585781,13762188,13991406
02,16,14566094,14399563,13970766,-9999,14463281,14185781,13684688,13507344,13773594,13895156,14089688,13861094,13620000,13831719,14018906
02,17,14589531,14432938,13982297,-9999,14516719,14239688,13636406,13508750,13771250,13916719,14157969,13920000,13632344,13887813,14027500
02,18,14605281,14458563,13995391,-9999,14554844,14269531,13570938,13460781,13763281,14051719,14204531,13966406,13623906,13854531,13953750
02,19,14632188,14470813,14016500,-9999,14552813,14284844,13454531,13436406,13786406,14080781,14095313,13917344,13641406,13844531,13904531
02,20,14655000,14479500,14027172,-9999,14573750,14268594,13489063,13441719,13861406,14120156,14060469,13928594,13647656,13856875,13886563
02,21,14670344,14499875,14048047,-9999,14596563,14256719,13574219,13482656,13886250,14200938,14034063,13930469,13627031,13755469,13916563
02,22,14697500,14511688,14071438,-9999,14628438,14298750,13584219,13487500,13878906,14305781,13985781,13982344,13640156,13769531,13953281
02,23,14727375,14524625,14083672,-9999,14634844,14304844,13690313,13482813,13895938,14376094,13978594,13998906,13666875,13897031,13996250
02,24,14757656,14513750,14095813,-9999,14619375,14317031,13780625,13478125,13917813,14429063,14041875,14009844,13655625,13964688,14116719
02,25,14763375,14515125,14105250,-9999,14619375,14284375,13847656,13451563,13919844,14437031,14095156,13935781,13600313,13998125,14185000
02,26,14764781,14493375,14123156,-9999,14645156,14272813,13888750,13479688,13842969,14415469,14170313,13922813,13638750,14049688,14220000
02,27,14823789,14478938,14135828,-9999,14684688,14292344,13944844,13561250,13760469,14428281,14253594,13940625,13625781,13980469,14221094
02,28,14797266,14458313,14159172,-9999,14707188,14323750,13957188,13619531,13766094,14456563,14298594,13991875,13661563,14018594,14182031
02,29,14778828,14454031,14166813,-9999,-9999,14315000,-9999,-9999,-9999,14465313,-9999,-9999,-9999,13883438,-9999
03,01,14760391,14449750,14174453,-9999,14748906,14265938,13973750,13598438,13836719,14476875,14372031,14037500,13674531,14080469,14164375
03,02,14750586,14450188,14188375,-9999,14795625,14158906,14008750,13595469,13810000,14448594,14412500,14092344,13693750,14312031,14195000
03,03,14738828,14439938,14187422,-9999,14802031,14115156,14007344,13648125,13807188,14430469,14379219,14159531,13675000,14405938,14131719
03,04,14737539,14439625,14195172,-9999,14743594,14147344,14036094,13638125,13825000,14386875,14377188,14215000,13721563,14406094,14051563
03,05,14728438,14428813,14192891,-9999,14683281,14158906,14057344,13642031,13870625,14398594,14412813,14314375,13766719,14338125,14078906
03,06,14682656,14439125,14200141,-9999,14666094,14213125,14098906,13664688,13847500,14423906,14406875,14350938,13811719,14360156,14042344
03,07,14710906,14444250,14200266,-9999,14656094,14279688,14080313,13681094,13819219,14430625,14372344,14358281,13847813,14390156,14096094
03,08,14737281,14430125,14197250,-9999,14664688,14314375,14074375,13712344,13845469,14441563,14284219,14375000,13887188,14295313,14142500
03,09,14738000,14444438,14190766,-9999,14630625,14322344,14077656,13740625,13895469,14516875,14185469,14353438,13860156,14252813,14181875
03,10,14734250,14460375,14189578,-9999,14596563,14360313,14069375,13741250,13945625,14495469,14158594,14330156,13802344,14266875,14235781
03,11,14739781,14441313,14187281,-9999,14585625,14333594,14078594,13782344,13935156,14479063,14127656,14307969,13743281,14323125,14218906
03,12,14763844,14436125,14188453,-9999,14628438,14249688,14088750,13757031,13868594,14472813,14133906,14316250,13717500,14292969,14171719
03,13,14771063,14446813,14175828,-9999,14622969,14138750,14046406,13706875,13823125,14465938,14118281,14316563,13722188,14311094,14245313
03,14,14769844,14437563,14152891,-9999,14614063,14045313,13993125,13619063,13790469,14425313,14149375,14290938,13762344,14212969,14252969
03,15,14753993,14432000,14131781,-9999,14648750,14033281,13928281,13529063,13719531,14364844,14162969,14250156,13817813,14303906,14276563
03,16,14742639,14422875,14105344,-9999,14700313,14043438,13890000,13460625,13651406,14335938,14216875,14300000,13856094,14394219,14257813
03,17,14731701,14408500,14081016,-9999,14736719,14060781,13832188,13457500,13700938,14312500,14225313,14296563,13845469,14433281,14206094
03,18,14702118,14382125,14073625,-9999,14792031,14093594,13770781,13438438,13682344,14317188,14268906,14299844,13770469,14382969,14161406
03,19,14680382,14378875,14057969,-9999,14800938,14100313,13713750,13452344,13595000,14333906,14236250,14262031,13712813,14398750,14101563
03,20,14666250,14367938,14044500,-9999,14811875,14075625,13612500,13459219,13557188,14328438,14163594,14242500,13675938,14412188,14062813
03,21,14655313,14372625,14025016,-9999,14844063,14062188,13547813,13442344,13564375,14320156,14212656,14241094,13640313,14349219,14052969
03,22,14650660,14383750,14011766,-9999,14840313,14003750,13580781,13410469,13629219,14311875,14251250,14214531,13636406,14317344,14043906
03,23,14627743,14385938,14002781,-9999,14805469,13984219,13586875,13373125,13621875,14294219,14259063,14185469,13676875,14294531,14055938
03,24,14609375,14377875,13998610,-9999,14802969,14012031,13586719,13297344,13594219,14269844,14240469,14242813,13694219,14089844,14017344
03,25,14606531,14377688,13989235,-9999,14800781,14058281,13586719,13306250,13648438,14276563,14209219,14282344,13732344,14136094,14029531
03,26,14600656,14362813,13988922,-9999,14771094,14087500,13565938,13329688,13677188,14279844,14177500,14264688,13743750,14284844,14043594
03,27,14606007,14353438,13976234,-9999,14755781,14111250,13552813,13320781,13646250,14267969,14119063,14256719,13740469,14267188,14069531
03,28,14571875,14349000,13949031,-9999,14718594,14030156,13587500,13292969,13584844,14211875,14092656,14299219,13718438,14267969,14029844
03,29,14559883,14355563,13909828,-9999,14647031,14016875,13592500,13280469,13523594,14164375,14042344,14363438,13697500,14249219,13966719
03,30,14549375,14353438,13884938,-9999,14533906,13977969,13586563,13267500,13479063,14122969,13996250,14405781,13707969,14258594,13999531
03,31,14535352,14340063,13854875,-9999,14428281,13950469,13543906,13256719,13459375,14106875,13965469,14407344,13753438,14273125,13976094
04,01,14502422,14312000,13823547,-9999,14409219,13920156,13527969,13305938,13445781,14072188,13930000,14395000,13762656,14235469,13982344
04,02,14483906,14288563,13798453,-9999,14335781,13882031,13513281,13340938,13436563,14074844,13933438,14379531,13722969,14193125,13987031
04,03,14455820,14245375,13780078,-9999,14250469,13847188,13494219,13311719,13430313,14063906,13940469,14328438,13651875,14203594,13904688
04,04,14413854,14201688,13752656,-9999,14172813,13793906,13508750,13306406,13427813,13977188,13902344,14280781,13562500,14133125,13790625
04,05,14427656,14165938,13720563,-9999,14129375,13723125,13480938,13280156,13404688,13925156,13840313,14228281,13560938,14025156,13726875
04,06,14400703,14124188,13688047,-9999,14098750,13680156,13433906,13225625,13377344,13925156,13783750,14207969,13525156,14010781,13716094
04,07,14368359,14086688,13648969,-9999,14101719,13621875,13392344,13157031,13324688,13926563,13765000,14235625,13486563,14006719,13717188
04,08,14339922,14042938,13617063,-9999,14083438,13589844,13384063,13088906,13287656,13912656,13756563,14184531,13461406,13914531,13693906
04,09,14306836,13974063,13581735,-9999,14066875,13546250,13370000,13032969,13245469,13895156,13748281,14103906,13454688,13870469,13795938
04,10,14210625,13918188,13550016,-9999,14030156,13424531,13347031,13025000,13212188,13860469,13747813,14019844,13477344,13854219,13789844
04,11,14209063,13868125,13512656,-9999,13950938,13270313,13312969,13002344,13159688,13817188,13732500,13947813,13450625,13797188,13737188
04,12,14205859,13827500,13471625,-9999,13873594,13177188,13280313,12980625,13127344,13768125,13688438,13899375,13447188,13810625,13691406
04,13,14153828,13796375,13427578,-9999,13789375,13094531,13235313,12979688,13082344,13712969,13644688,13848281,13457344,13846250,13622813
04,14,14093555,13768500,13380375,-9999,13734688,13007031,13211875,13001875,13035000,13626250,13653281,13835781,13408438,13844531,13547813
04,15,13968542,13726313,13341735,-9999,13678906,12930625,13177500,13017656,12987813,13577344,13652031,13817500,13384375,13814219,13403906
04,16,13954618,13688125,13307563,-9999,13630938,12899688,13127188,13002813,12970313,13479688,13649219,13785469,13349688,13806875,13252656
04,17,13942750,13648250,13265672,-9999,13535313,12879531,13111563,12997813,12954063,13378906,13601094,13766406,13285000,13736563,13174375
04,18,13925688,13606000,13223969,-9999,13486406,12855156,13122969,13003750,12956094,13306094,13561406,13768594,13260313,13552656,13283594
04,19,13907781,13568938,13197422,-9999,13443281,12816406,13124219,12996406,12986875,13218750,13541875,13734531,13218281,13617656,13256406
04,20,13863656,13527313,13176985,-9999,13420938,12763594,13120156,12966875,12980781,13175938,13562188,13700625,13172813,13664375,13202344
04,21,13817313,13488688,13154125,-9999,13392188,12745938,13119375,12962656,12942813,13169219,13527656,13673125,13143125,13604375,13228281
04,22,13774000,13440750,13126250,-9999,13357813,12691094,13091563,12943594,12869531,13135469,13437969,13669219,13105000,13490938,13211406
04,23,13732500,13390188,13082547,-9999,13325938,12686875,13044688,12936563,12801250,13104844,13366250,13649531,13054688,13445156,13153438
04,24,13674156,13335694,13042344,-9999,13277031,12698281,13011094,12901406,12756406,13040313,13311094,13571719,13045781,13457656,13067344
04,25,13622500,13293188,12997563,-9999,13197344,12692031,12950938,12788906,12700781,12970469,13300000,13476094,13006719,13328594,12950000
04,26,13575844,13254688,12954891,-9999,13129063,12683125,12907031,12725313,12660781,12956563,13269063,13414219,12927813,13219844,12864844
04,27,13522438,13223125,12912188,-9999,13040938,12616719,12862969,12637813,12629688,12950469,13242656,13372500,12852656,13100625,12886875
04,28,13459438,13186875,12867094,-9999,12964219,12578281,12822500,12557813,12621719,12947969,13210000,13322813,12804688,13078594,12856094
04,29,13385094,13145375,12830203,-9999,12924375,12523594,12790938,12513750,12629844,12915781,13173594,13269688,12763281,13060938,12777813
04,30,13336000,13109188,12792266,-9999,12874063,12494063,12755000,12448750,12633750,12877969,13162031,13183750,12709531,12930156,12759688
05,01,13297969,13057563,12753469,-9999,12851094,12440156,12696406,12341250,12627813,12865156,13135156,13104844,12655000,12798125,12727813
05,02,13262375,13020500,12708031,-9999,12804063,12385625,12645156,12239531,12597031,12852344,13082188,13023594,12570313,12769063,12700781
05,03,13224281,12989875,12662578,-9999,12742969,12358750,12574063,12191094,12550000,12802969,13031875,12940469,12504219,12731250,12676094
05,04,13196094,12950438,12615828,-9999,12699844,12285156,12524375,12092031,12489375,12735000,13012500,12862188,12434375,12709531,12705000
05,05,13162844,12910750,12563344,-9999,12633594,12162656,12466719,12003594,12406406,12705781,12977188,12757344,12414219,12659063,12699063
05,06,13098906,12874938,12517344,-9999,12539375,12061094,12430938,11960781,12370469,12680469,12910000,12643750,12440313,12657500,12584375
05,07,13019618,12837000,12470594,-9999,12457188,12020469,12405156,11943125,12318281,12630313,12853750,12553125,12396406,12640469,12525781
05,08,12966806,12794500,12428391,-9999,12402344,12003594,12360000,11916563,12284688,12569531,12805000,12477031,12324063,12641406,12412969
05,09,12914201,12749750,12388016,-9999,12356406,11971250,12343594,11901563,12229688,12495156,12757656,12419688,12269688,12618594,12351406
05,10,12845438,12708313,12344453,-9999,12317813,11932813,12278906,11873125,12174844,12461406,12683281,12324063,12211094,12522813,12334844
05,11,12827156,12665875,12290094,-9999,12299219,11901406,12197969,11850469,12105156,12376719,12641250,12253906,12152969,12495938,12345156
05,12,12806719,12631750,12245078,-9999,12294531,11871406,12133125,11826406,12038906,12309531,12557656,12220938,12088594,12400625,12388281
05,13,12779969,12578438,12205266,-9999,12272969,11825313,12144531,11799063,12009063,12285625,12510625,12197656,12040313,12348281,12230000
05,14,12737563,12528000,12169188,-9999,12246719,11775000,12129375,11785781,11985469,12241719,12473125,12173906,11994844,12315469,12104688
05,15,12698469,12477375,12129719,-9999,12209688,11726250,12108750,11754688,11950625,12182188,12441406,12071563,11935938,12217188,12108438
05,16,12653156,12432000,12085750,-9999,12169375,11680938,12079063,11685781,11905313,12133594,12389375,12015469,11866250,12108750,12200469
05,17,12609344,12373875,12035453,-9999,12144219,11669063,12058438,11618438,11885781,12088750,12305156,11919219,11829688,12019844,12148594
05,18,12567094,12322438,11980922,-9999,12106094,11625313,12033438,11592656,11878906,11999063,12213281,11826719,11784531,11995156,12077031
05,19,12528094,12262813,11927188,-9999,12045000,11560938,12026563,11559844,11852344,11871875,12097344,11763438,11741094,11986875,12035938
05,20,12483375,12211250,11872781,-9999,12006563,11498125,11984219,11524688,11810156,11777500,12096250,11687969,11685000,11931875,11968594
05,21,12437625,12157313,11817297,-9999,11959375,11440781,11934063,11496563,11755469,11748281,12054219,11614219,11618906,11866875,11941094
05,22,12392219,12111688,11765375,-9999,11935469,11405000,11865938,11427344,11705938,11728281,11977500,11554063,11573125,11763906,11917813
05,23,12350688,12072438,11717516,-9999,11931563,11381250,11794688,11375938,11642344,11701406,11908906,11488281,11511094,11733906,11894688
05,24,12313000,12037188,11672531,-9999,11923594,11387188,11719375,11339375,11586719,11686719,11851250,11429375,11435469,11742813,11852969
05,25,12278781,12014250,11629031,-9999,11896406,11375000,11677031,11297813,11526094,11648750,11760469,11348750,11362969,11691719,11822813
05,26,12247531,11981063,11586984,-9999,11837188,11382344,11622500,11250469,11472969,11613750,11700156,11300781,11305625,11673906,11816563
05,27,12214969,11955625,11547953,-9999,11772656,11400156,11563594,11222500,11449531,11571563,11659844,11251094,11258594,11647656,11785156
05,28,12177906,11932375,11509797,-9999,11745000,11406875,11510156,11199844,11450469,11539844,11628438,11211719,11245156,11609219,11797031
05,29,12129469,11902125,11471328,-9999,11710000,11398125,11454688,11163438,11427500,11544219,11598750,11190156,11212344,11595625,11801094
05,30,12091438,11864375,11443703,-9999,11688906,11383438,11417500,11123125,11367969,11509219,11549844,11160781,11177813,11553281,11769844
05,31,12056156,11827125,11419781,-9999,11653906,11352813,11366875,11102344,11332031,11477656,11489531,11086250,11128281,11447813,11677813
06,01,12022250,11788000,11390000,-9999,11656875,11315469,11287500,11084375,11321094,11461094,11450156,11052031,11052656,11427656,11645781
06,02,11989781,11746563,11360219,-9999,11646094,11266563,11184063,11065156,11282344,11420000,11428750,11013281,11002344,11390781,11633281
06,03,11941813,11713563,11326266,-9999,11636875,11240000,11108438,10994688,11175313,11381563,11394844,10973594,10978438,11375156,11510625
06,04,11895531,11679938,11272094,-9999,11542344,11191406,11016563,10918906,11065313,11288438,11254688,10891094,10922500,11352969,11353125
06,05,11858000,11642625,11210516,-9999,11465625,11102656,10915781,10903125,11003438,11178750,11109219,10748750,10818281,11292813,-9999
06,06,11805625,11613750,11159938,-9999,11411250,11076875,10879844,10869063,10925938,11106406,11040625,10667813,10769844,11197969,-9999
06,07,11758625,11575438,11112516,-9999,11339688,11067344,10811719,10840469,10910625,11040938,10997344,10593438,10700156,11111563,-9999
06,08,11728531,11545375,11068781,-9999,11293125,11047344,10755313,10790469,10905000,10970313,10976875,10533750,10623281,10951406,11246875
06,09,11699375,11511188,11025656,-9999,11237813,11028125,10711094,10748594,10894219,10876719,10970938,10468438,10569375,10760781,11270938
06,10,11667438,11475375,10985094,-9999,11217813,11007500,10672031,10677813,10872031,10817969,10966250,10408594,10493281,10676563,11186250
06,11,11628156,11426063,10942406,-9999,11185781,10969688,10662656,10620000,10825313,10802031,10973750,10365625,10418438,10575156,11120313
06,12,11583844,11375688,10899656,-9999,11127969,10953438,10634219,10560000,10811094,10775938,10937656,10327031,10343125,10469219,11029531
06,13,11537656,11328375,10850375,-9999,11079688,10916406,10627969,10507500,10775000,10736250,10922344,10273906,10250469,10346094,10978594
06,14,11487125,11282063,10802422,-9999,11020625,10857656,10597500,10442344,10699531,10714063,10875625,10201094,10177969,10225000,10969844
06,15,11439188,11228250,10746688,-9999,10967500,10806250,10552656,10379844,10626250,10664531,10813906,10153594,10062969,10200000,10939063
06,16,11398344,11165500,10690719,-9999,10939844,10752344,10487188,10337969,10574844,10612969,10747500,10100625,9957344,10161406,10914375
06,17,11357344,11109813,10634625,-9999,10888594,10685156,10429063,10285469,10522500,10542500,10671719,10022813,9903906,10129219,10826719
06,18,11309156,11059563,10572688,-9999,10809844,10609844,10362188,10228438,10450469,10499531,10603125,9933594,9850938,10064219,10698750
06,19,11265281,10999000,10510156,-9999,10756563,10583906,10296406,10174844,10368438,10449531,10533594,9820156,9815000,9896563,10661875
06,20,11230281,10936375,10454906,-9999,10668281,10550781,10230313,10109844,10279375,10386719,10449375,9736875,9777031,9793750,10632500
06,21,11190844,10878875,10378719,10615781,10602031,10493594,10187344,10051406,10218750,10319063,10359844,9672344,9740000,9858125,10528438
06,22,11146656,10826688,10321375,10595156,10516250,10426875,10143906,9982188,10162656,10255938,10300469,9596250,9685625,9780469,10480781
06,23,11111375,10771000,10261531,10575156,10446719,10373594,10067344,9896094,10104063,10198438,10243906,9510469,9621719,9708281,10448438
06,24,11087344,10715063,10199641,10551875,10402500,10297344,10001094,9766406,10027188,10112031,10171719,9425625,9535938,9647656,10395313
06,25,11044469,10663625,10131766,10489219,10362344,10226250,9913906,9654844,9932656,10054375,10106563,9322031,9481563,9571094,10284844
06,26,10999719,10618250,10061203,10441406,10322813,10179531,9844375,9585000,9823594,9992344,10061406,9221094,9372188,9454219,10161719
06,27,10955125,10566625,10004453,-9999,10259844,10155156,9761094,9526719,9743750,9949844,10024688,9125000,9281250,9396094,10084688
06,28,10918313,10512438,9938406,-9999,10198281,10138125,9704688,9435625,9664844,9870781,9964844,8985313,9209219,9370469,9919219
06,29,10880813,10456938,9858203,-9999,10123281,10102656,9667031,9366563,9545156,9783438,9887969,8907656,9178750,9295625,9832188
06,30,10830156,10395250,9788688,-9999,10047813,10092969,9640938,9314063,9432188,9722656,9811406,8862656,9147969,9144688,9816406
07,01,10786750,10342188,9723344,10043906,9967031,10060625,9615469,9238594,9288906,9645000,9722813,8806563,9062813,9057031,9685625
07,02,10746906,10289188,9647000,10007813,9895938,10007656,9556719,9159063,9126875,9558594,9620313,8723594,8913438,8934531,9477344
07,03,10702469,10224813,9555735,9984844,9835469,9942500,9502813,9085938,8925000,9434688,9507344,8675938,8745313,8812500,9327188
07,04,10648281,10163063,9459781,9890781,9762969,9829531,9399063,8965313,8794063,9309531,9358594,8592969,8669531,8732188,9255469
07,05,10590438,10084188,9368235,9757344,9672656,9719688,9237344,8774219,8704219,9236250,9214375,8493438,8566563,8669688,9141563
07,06,10541469,10008313,9288047,9671563,9608750,9671875,9109844,8676563,8611094,9175000,9119219,8459688,8484844,8582500,9033594
07,07,10481188,9944750,9212797,9580000,9557031,9655469,9004219,8625781,8529844,9094063,9027813,8429063,8369375,8507813,8886406
07,08,10427125,9878875,9144250,9502188,9490156,9596406,8905469,8558594,8455000,9045469,8951563,8395938,8228125,8400938,8746250
07,09,10376531,9820500,9074219,9454688,9425938,9534063,8847813,8456719,8369063,8988125,8859844,8324844,8094844,8241719,8609531
07,10,10323906,9750063,9005172,9382344,9362500,9458125,8768750,8359688,8233906,8917969,8771250,8276094,7995938,8115469,8522813
07,11,10265844,9674813,8930891,9262344,9302188,9393750,8697500,8313594,8125156,8866719,8713906,8228594,7893438,8005156,8451563
07,12,10204594,9597000,8859984,9139844,9234375,9321094,8647031,8280313,8015156,8780000,8687344,8169063,7764063,7901406,8343281
07,13,10137063,9515500,8782735,9091406,9129531,9226094,8597969,8205000,7881250,8698438,8600156,8130938,7639063,7843125,8169063
07,14,10079969,9430625,8701219,9020781,8988125,9157500,8547188,8140313,7785000,8602656,8478438,8091719,7525000,7786406,8069063
07,15,10018875,9356938,8626844,8917344,8953281,9073438,8488594,8104531,7690313,8506250,8398281,8068125,7440781,7717344,7998125
07,16,9940813,9284688,8551500,8832969,8858281,9029375,8401094,8079844,7592500,8423438,8342969,8025000,7342500,7598125,7996250
07,17,9849969,9218500,8485047,8756250,8782031,8970156,8311250,8013750,7498594,8337969,8269063,7957031,7248750,7492500,7866406
07,18,9768625,9144375,8403016,8671094,8707969,8871563,8205313,7942188,7427188,8254844,8158594,7875469,7174219,7414063,7690000
07,19,9697375,9079375,8316609,8581719,8622188,8748750,8102188,7875000,7363281,8168125,8064219,7766563,7109688,7344375,7631719
07,20,9614125,9008333,8227547,8514688,8529375,8697500,7990938,7800156,7271094,8077188,7968906,7657344,7079531,7317031,7604531
07,21,9527344,8943403,8141828,8435469,8423281,8652188,7856250,7745781,7167656,7989844,7850625,7613438,7035313,7279375,7539375
07,22,9475868,8862917,8054984,8345469,8344219,8585156,7747656,7688281,7066406,7883125,7682188,7558906,6965625,7220313,7418750
07,23,9401181,8787361,7975110,8233281,8278125,8543125,7688906,7625000,6972031,7772344,7560469,7474531,6918438,7131875,7373750
07,24,9297688,8720069,7895453,8120000,8171563,8467813,7612969,7597969,6858125,7679219,7429219,7380625,6875625,7025781,7305156
07,25,9224844,8657778,7820453,8075625,8070156,8414219,7559063,7549844,6781250,7607969,7318438,7311094,6832031,6977813,7276406
07,26,9163469,8568542,7747516,8003594,8030000,8349375,7497344,7469844,6688594,7525000,7244375,7237500,6776875,6885781,7260313
07,27,9099313,8492431,7677266,7861094,8003125,8250469,7386094,7401250,6594844,7475938,7164219,7169063,6703438,6792969,7237344
07,28,9033188,8417361,7600781,7777656,7922969,8132031,7307031,7340000,6527969,7390781,7101719,7132031,6641250,6723281,7186563
07,29,8970469,8343688,7529188,-9999,7843750,8070625,7212656,7267656,6479375,7324219,7036563,7086719,6617969,6650000,7117344
07,30,8901844,8281875,7459406,-9999,7795469,8013438,7123750,7198594,6428125,7270313,7005469,7008750,6595000,6556094,7046875
07,31,8832188,8224438,7359983,-9999,7731875,7922500,7045938,7143281,6375313,7203594,6955469,6922031,6560313,6499219,6980781
08,01,8755278,8160813,7286858,-9999,7617031,7859688,6952969,7093906,6324063,7100938,6910781,6819531,6541719,6467031,6937344
08,02,8689375,8092813,7217865,-9999,7531250,7755313,6910156,7038750,6217500,6996094,6873438,6731250,6539219,6437656,6892188
08,03,8617639,8026250,7141719,-9999,7458594,7693750,6866719,6967188,6109844,6909063,6825938,6655000,6516719,6329531,6853750
08,04,8564094,7964688,7067431,-9999,7350313,7620938,6776719,6879375,6001250,6841563,6770469,6593281,6422188,6214063,6788281
08,05,8485278,7900375,7001094,-9999,7280156,7513125,6678438,6795000,5890469,6724844,6690781,6539375,6312500,6119531,6694688
08,06,8430799,7837063,6933750,-9999,7221250,7424063,6610469,6742500,5815156,6579844,6649375,6491250,6231719,5931094,6587813
08,07,8383403,7782750,6860000,-9999,7149219,7308594,6552500,6725156,5724688,6485625,6610000,6452813,6174375,5760625,6513281
08,08,8351250,7735750,6804172,-9999,7032031,7199844,6513906,6689063,5649063,6485000,6566719,6402500,6103594,5585313,6443438
08,09,8291813,7690875,6750688,6801250,6932813,7111875,6467344,6635000,5565313,6417656,6531719,6334375,6035469,5510313,6385938
08,10,8229438,7638688,6706016,6747969,6909688,7057813,6410000,6589219,5527813,6343906,6485938,6273594,5960313,5404375,6328281
08,11,8169844,7583125,6654703,6681875,6887031,6994531,6372969,6536250,5468594,6291563,6442969,6205625,5904375,5307031,6274844
08,12,8106781,7534813,6597875,6615938,6861563,6905313,6324063,6496719,5421094,6222500,6375469,6143906,5827500,5261250,6242031
08,13,8060208,7477188,6540406,6549531,6804531,6822813,6294688,6456875,5379219,6131875,6319375,6084375,5700313,5178750,6152500
08,14,8002118,7418750,6490953,6461094,6741875,6753906,6251719,6404063,5347813,6071094,6231719,6021094,5624375,5102656,6096719
08,15,7956389,7368688,6433203,6375000,6677656,6692813,6183125,6363438,5307344,5983125,6182500,5981406,5588281,5040938,6011406
08,16,7922396,7334000,6381688,6391094,6640313,6611250,6100156,6339219,5241406,5909688,6160625,5908906,5548906,4939688,5915000
08,17,7874444,7296938,6334750,6348594,6633594,6536094,6044219,6303125,5194688,5840938,6113125,5829219,5490625,4823281,5891250
08,18,7828889,7264125,6284703,6281406,6617656,6470156,6023594,6238594,5166250,5763594,6037188,5796094,5410313,4721406,5887656
08,19,7803924,7218375,6241375,6230156,6572656,6430469,5980469,6185156,5121563,5683906,5970156,5755938,5372656,4681406,5808281
08,20,7781736,7173313,6193188,6177813,6535156,6360938,5922500,6116563,5075000,5656563,5930000,5740156,5335469,4594375,5748438
08,21,7746563,7136875,6147016,6149219,6523125,6275625,5907344,6082500,5009531,5611406,5895781,5708750,5276719,4532969,5706719
08,22,7717847,7104750,6111813,6130156,6520156,6208594,5901563,6061250,4948438,5555156,5823281,5628438,5173906,4456719,5660781
08,23,7691424,7065688,6068750,6109688,6482188,6135313,5883750,6041563,4908438,5500156,5740625,5602031,5121563,4337500,5641875
08,24,7665417,7024625,6030406,6117188,6448125,6127969,5853125,6043438,4875625,5426875,5672031,5552031,5084844,4209219,5619531
08,25,7627396,7059583,5993469,6102500,6418125,6114531,5852500,6031250,4847656,5305313,5627656,5515938,5055781,4138125,5589531
08,26,7580781,6939250,5960016,6039219,6387344,6070625,5829688,5993750,4818438,5222969,5591875,5477500,5009844,4096563,-9999
08,27,7559313,6907063,5921000,5995313,6365469,6024844,5796094,5968125,4773906,5178281,5577656,5399063,4990156,4066719,-9999
08,28,7540156,6870688,5884625,5957656,6353125,5971563,5771250,5966406,4724844,5163125,5554219,5342656,4964063,3996406,-9999
08,29,7519844,6838875,5848875,5912813,6337813,5951406,5728125,5957344,4664844,5116094,5533906,5352500,4896563,3912500,-9999
08,30,7495719,6812375,5817172,5856250,6325938,5932188,5662344,5953594,4616094,5090000,5487656,5348281,4796875,3877031,-9999
08,31,7469125,6787000,5787766,5834844,6282188,5918125,5650938,5974688,4607031,5029844,5447188,5329375,4743750,3836250,-9999
09,01,7446344,6760188,5764422,5810000,6218125,5893594,5649531,5993438,4610938,4957656,5423750,5332344,4734063,3797969,-9999
09,02,7424063,6742250,5743500,5781719,6217500,5880000,5670469,5977813,4617031,4924219,5398281,5304219,4720781,3754844,-9999
09,03,7411750,6731125,5731344,5735938,6198906,5887031,5689375,5958125,4580000,4927031,5379844,5245625,4683594,3746875,-9999
09,04,7399469,6710000,5718141,5701563,6148750,5899531,5682500,5935313,4528125,4868906,5387969,5192188,4655156,3726563,-9999
09,05,7380375,6683813,5700219,5667188,6116406,5903125,5670625,5934531,4484531,4825625,5363438,5136094,4617188,3681094,-9999
09,06,7362625,6661500,5678438,5657344,6113750,5887344,5668438,5918438,4447031,4808281,5345156,5093281,4587969,3676406,-9999
09,07,7347125,6652313,5666516,5663281,6104375,5856563,5657031,5921875,4436719,4739844,5328906,5027188,4561719,3664531,-9999
09,08,7333125,6639813,5653453,5649688,6103750,5839219,5642656,5935781,4413438,4715469,5330469,4989375,4545000,3674844,-9999
09,09,7322688,6639000,5640531,5646875,6086406,5835313,5628281,5936094,4399531,4707813,5315938,4972656,4526875,3695313,-9999
09,10,7318656,6635438,5631266,5655156,6060469,5825000,5599844,5926094,4367188,4729688,5295313,4952813,4527813,3671406,-9999
09,11,7312906,6633688,5626266,5674063,6041250,5784688,5581875,5896719,4343438,4751563,5278594,4986406,4537188,3603281,-9999
09,12,7335844,6633938,5619297,-9999,6105625,5806719,5545000,5864219,4327969,4745156,5259375,5005000,4542656,3585781,-9999
09,13,7359469,6640688,5608938,-9999,6180313,5854375,5506563,5814063,4323750,4742344,5249844,5008750,4589844,3569688,-9999
09,14,7375000,6651250,5606476,-9999,6146563,5901094,5522344,5781719,4291250,4747188,5276563,4998594,4655000,3541719,-9999
09,15,7388531,6670000,5603542,-9999,6049844,5912188,5492500,5794063,4267813,4731875,5301094,4948438,4700000,3520781,-9999
09,16,7405656,6677938,5606302,-9999,6041875,5882813,5447656,5806094,4267656,4726250,5291094,4890938,4680156,3489063,-9999
09,17,7427781,6697000,5610920,-9999,6033281,5821250,5422344,5828281,4268750,4718594,5326094,4842031,4673750,3505156,-9999
09,18,7425781,6711688,5612240,-9999,6032031,5809688,5385156,5874063,4281406,4736406,5348438,4813594,4663594,3554219,-9999
09,19,7415906,6725813,5647219,-9999,6088906,5808750,5368438,5892500,4296250,4745000,5358594,4841563,4690938,3674063,-9999
09,20,7435563,6747750,5663375,-9999,6122656,5818906,5345156,5846875,4310313,4752500,5383594,4878281,4732656,3780000,-9999
09,21,7456125,6782313,5679953,-9999,6085469,5866719,5315625,5847656,4284531,4773750,5401875,4915313,4747031,3764688,-9999
09,22,7520764,6809813,5703656,5985781,6047031,5925625,5315156,5851406,4276719,4809219,5432813,4983594,4771875,3776094,-9999
09,23,7547188,6840688,5733266,6001563,6080469,5994688,5335156,5883281,4267344,4873125,5417031,5042344,4800625,3822500,-9999
09,24,7577778,6884188,5765250,6047969,6101719,6107188,5377969,5972188,4254531,4878750,5408281,5100938,4823750,3872188,-9999
09,25,7619618,6935625,5805313,6075000,6137031,6169531,5407656,6036719,4265000,4873750,5439688,5202656,4849844,3867969,-9999
09,26,7665694,6993438,5848625,6148281,6152813,6204375,5460781,6039844,4297813,4945313,5480781,5270781,4913906,3881875,-9999
09,27,7718056,7041625,5889047,6244063,6156875,6257031,5524375,6016094,4372188,5003906,5516406,5368281,4962656,3923438,-9999
09,28,7769444,7089375,5938656,6332969,6198125,6315781,5581406,5973906,4441719,5036406,5524375,5473438,4978281,3970781,-9999
09,29,7768094,7133500,6002375,6418438,6276094,6378750,5656875,5959219,4499688,5095156,5580313,5530625,4969531,4037500,-9999
09,30,7827375,7178563,6070422,6444063,6347656,6440156,5752031,5981719,4592969,5220313,5639688,5565313,5020000,4079844,-9999
10,01,7883031,7221563,6143344,6520469,6411406,6506250,5803281,6049375,4672344,5335156,5712031,5596250,5092969,4141094,-9999
10,02,7945000,7278000,6223141,6667969,6465781,6574063,5855000,6135156,4737813,5384688,5748281,5667188,5156719,4166563,-9999
10,03,8015719,7345438,6302109,6894844,6516250,6630625,5902969,6225938,4773281,5526406,5740000,5797031,5219219,4173594,-9999
10,04,8099563,7421125,6383844,7077344,6614844,6692344,5975156,6339219,4814375,5635781,5780625,5892656,5237969,4208281,-9999
10,05,8174219,7500125,6466266,7194844,6725938,6773750,6075469,6380625,4866563,5731406,5844219,6001406,5266094,4256875,-9999
10,06,8242531,7587375,6554516,7248906,6811719,6925156,6147031,6382500,4953594,5849219,5907188,6035625,5347969,4377344,-9999
10,07,8318750,7670938,6634531,7310000,6816094,7061250,6222813,6401094,5044063,5999063,5950156,6095781,5449219,4477031,-9999
10,08,8368688,7734938,6720125,7407344,6807188,7115000,6302188,6436094,5120313,6200313,5975781,6205781,5556094,4574688,-9999
10,09,8434750,7807813,6800172,7478125,6838750,7169844,6384531,6502656,5213438,6336250,6081719,6316563,5611406,4662344,-9999
10,10,8495313,7886563,6876469,7550469,6907969,7263906,6420625,6565000,5255781,6441563,6238750,6454219,5621875,4752656,-9999
10,11,8547500,7975813,6968938,7644688,6970469,7380313,6441563,6621719,5275625,6543906,6388281,6599688,5639375,4868438,-9999
10,12,8604594,8084500,7076719,7726719,7045781,7523750,6509531,6746875,5264375,6664375,6440000,6664375,5689219,4997500,-9999
10,13,8650844,8181375,7188438,7766875,7212656,7619063,6641094,7012969,5334219,6819531,6495781,6687656,5820469,5113594,-9999
10,14,8698531,8270813,7280438,7822188,7386250,7656250,6802188,7230938,5442500,7025313,6588438,6768750,5900781,5265781,-9999
10,15,8745406,8341625,7358578,7909219,7567813,7684531,6912188,7400781,5557031,7200000,6705156,6882344,6001094,5543594,-9999
10,16,8794563,8410063,7434578,7976406,7679219,7732031,6951406,7536563,5643906,7358594,6765469,7030625,6080000,5798750,-9999
10,17,8846188,8479063,7522969,8029844,7742500,7821563,7026719,7627656,5721563,7480781,6867344,7115313,6138125,5950781,-9999
10,18,8891781,8554063,7626281,8085625,7929531,7895156,7180938,7685781,5840156,7557813,6968281,7212031,6232500,6083438,-9999
10,19,8945813,8617438,7731750,8162656,8086250,7916250,7360313,7781719,6041719,7664375,7038594,7323750,6299844,6249844,-9999
10,20,8997500,8678889,7839594,8249844,8215313,7931563,7578750,7900000,6301563,7781563,7148125,7399219,6359844,6433281,-9999
10,21,9043125,8765625,7942016,8357656,8292344,8000156,7830938,7970625,6541563,7973438,7314531,7428594,6514219,6610469,-9999
10,22,9087188,8845063,8029531,8466875,8408125,8070625,8046406,8025313,6702656,8111250,7403281,7493594,6686719,6825781,-9999
10,23,9144406,8894722,8120828,8564844,8496719,8140313,8132500,8075781,6846875,8195000,7526875,7526719,6893750,6993906,-9999
10,24,9203000,8950625,8211110,8604063,8581875,8260625,8240000,8253906,6956094,8327500,7541094,7551250,7103750,7085000,-9999
10,25,9265938,9008819,8292469,8642969,8612188,8356406,8366719,8363750,7049531,8413281,7506563,7635156,7287188,7112031,-9999
10,26,9333094,9070000,8378266,8690156,8645781,8397500,8476719,8429063,7274219,8437813,7619063,7689063,7475469,7110000,-9999
10,27,9400750,9128125,8469719,8729063,8686875,8455625,8548125,8461250,7463281,8518750,7804219,7742969,7663906,7157813,-9999
10,28,9476000,9201938,8541250,8761563,8729375,8563281,8655313,8490781,7666563,8604688,7987344,7801250,7786875,7247344,-9999
10,29,9546844,9274438,8610828,8788906,-9999,8671563,8790313,8543438,7800469,8708125,8116406,7841094,7904844,7390313,-9999
10,30,9603000,9329063,8674750,8794844,-9999,8720938,8856875,8625156,7883594,8817031,8217969,7965156,7855938,7498438,-9999
10,31,9658938,9389813,8752031,8799844,-9999,8735156,8880000,8700000,8003281,8892344,8311563,8075000,8045781,7600469,-9999
11,01,9709813,9441625,8825695,8864844,-9999,8781406,8904688,8776250,8134844,8950000,8399375,8240938,8271563,7688438,-9999
11,02,9763750,9495313,8906059,8958750,-9999,8843438,8976250,8817656,8317031,8949844,8492500,8403594,8453438,7735313,-9999
11,03,9816781,9539938,8988872,9047969,-9999,8942188,9072969,8826719,8477969,8989063,8567656,8500000,8593125,7897031,-9999
11,04,9878813,9572750,9060434,9129219,-9999,9123125,9130781,8899375,8587969,9106719,8640469,8621875,8682500,8008594,-9999
11,05,9942531,9617250,9117375,9200625,-9999,9250781,9191094,8931094,8672813,9255625,8667656,8672500,8718438,8107031,-9999
11,06,9997250,9657250,9176203,9211406,-9999,9362500,9250313,8969688,8736563,9384688,8754375,8693438,8689531,8182813,-9999
11,07,10045000,9712188,9229766,9205781,-9999,9404063,9309688,8984063,8829219,9485000,8788594,8800781,8728750,8227344,-9999
11,08,10110094,9776500,9286250,9234063,9179688,9426094,9375000,9009219,8899844,9566406,8783125,8908906,8757500,8248281,-9999
11,09,10176906,9835563,9340031,9302188,9237813,9508438,9410625,9056875,9016406,9610469,8877813,8987031,8771094,8323438,-9999
11,10,10249313,9882625,9391625,9377969,9300938,9582656,9431719,9137188,9116875,9651406,8965156,9056406,8788594,8394219,-9999
11,11,10324750,9935250,9438063,9465156,9356250,9684219,9464844,9189063,9185625,9668594,8992500,9117656,8860469,8474063,-9999
11,12,10407656,10005875,9489797,9545156,9403594,9761563,9492969,9195313,9239063,9673125,8981094,9164375,8928594,8564375,-9999
11,13,10503531,10070875,9556016,9640313,-9999,9788281,9526094,9230156,9263594,9676250,8992188,9172969,9016563,8634063,-9999
11,14,10591125,10125125,9616641,9720313,-9999,9817031,9546719,9294375,9281875,9703906,9103594,9209219,9050469,8704063,-9999
11,15,10658313,10176938,9671860,9797188,-9999,9875000,9577031,9338906,9276719,9757656,9260313,9277969,9192031,8813750,-9999
11,16,10716125,10236813,9722219,9915156,9703281,9914063,9608281,9377656,9332500,9795000,9394219,9347344,9318438,8933125,-9999
11,17,10788563,10297250,9776203,10068906,9765000,9937969,-9999,-9999,9398281,9879219,9515781,9383125,9420313,9036875,-9999
11,18,10860281,10357813,9832703,10165938,-9999,-9999,-9999,-9999,9485938,9972031,9598125,9382656,9464531,9128281,-9999
11,19,10934906,10414438,9880219,-9999,-9999,-9999,-9999,-9999,9577969,10052500,9650625,9420000,9530313,9257656,-9999
11,20,11014219,10473313,9950547,-9999,-9999,-9999,-9999,-9999,9663594,10118281,9676094,9465156,9614844,9374063,-9999
11,21,11076656,10535938,10017563,10288438,9885313,-9999,-9999,9363438,9773594,10155781,9752188,9493594,9675313,9477188,-9999
11,22,11151594,10599438,10081609,10396094,9931094,10242813,-9999,9385938,9833750,10205781,9869531,9502344,9740938,9549531,-9999
11,23,11213375,10670875,10148313,10442813,10017969,10273750,10186094,9413906,9815781,10310156,9994219,9542969,9887656,9630781,-9999
11,24,11266250,10759625,10225891,10516406,10095000,10344688,10258906,9431875,9834531,10408750,10082656,9631563,9964375,9740781,-9999
11,25,11341906,10832063,10289703,10609375,10245938,10466094,10334688,9434688,9868438,10472188,10174531,9723281,10007656,9831719,-9999
11,26,11411313,10916563,10342203,10720781,10353750,10542656,10438281,9520781,9944063,10534531,10261563,9785625,10063125,9824375,-9999
11,27,11473688,10988125,10418344,10843594,10429375,10609375,10519688,9576406,-9999,10576094,10326094,9817188,10129844,9800000,-9999
11,28,11540219,11068438,10473594,10958594,10483750,10693906,10574844,9597969,-9999,10587969,10362813,9921094,10181719,9927031,-9999
11,29,11596875,11125125,10522422,11021875,10591094,10764844,10577500,9650000,-9999,10645625,10382813,10023594,10251406,10090156,-9999
11,30,11652188,11171938,10562391,11044688,10639688,10814375,10556406,9740938,10252500,10714375,10398281,10087969,10330000,10206406,-9999
12,01,11697500,11246375,10630625,11073750,10684375,10911094,10579844,9810313,10220938,10802813,10480625,10106094,10427969,10313750,-9999
12,02,11745063,11324375,10716172,11097344,10791875,11036250,10633750,9932188,-9999,10847500,10583125,10140938,10503906,10359063,-9999
12,03,11817396,11398125,10807985,11127344,10921094,11130000,10690469,10066719,-9999,10862969,10680781,10231250,10527656,10444219,-9999
12,04,11887083,11480688,10899766,11221719,11051875,11247188,10772031,10266094,10499219,10953125,10830781,10394375,10574531,10541406,-9999
12,05,11956146,11544438,10979469,11272031,11107188,11326563,10853438,10475313,10598125,11085938,10930938,10567969,10713594,10584531,-9999
12,06,12003472,11619875,11046719,11275781,11170469,11397656,10946406,10594375,10715156,11171719,10922656,10663281,10862500,10624063,-9999
12,07,12044479,11677813,11124688,11306875,11281094,11436406,11031563,10695938,10738750,11295625,10865000,10706406,10913594,10780625,-9999
12,08,12087292,11729938,11203610,11357344,11375625,11484688,11116250,10820000,10807969,11448906,10897500,10736719,10985938,10872969,-9999
12,09,12139861,11768688,11269610,11437656,11455156,11572031,11164063,10947031,10908281,11561250,10966094,10847813,11054219,10906094,-9999
12,10,12190833,11823063,11341047,11542500,11540313,11631250,11202656,11093281,11002500,11650000,11041094,10967344,11165938,10985313,-9999
12,11,12232813,11873250,11416016,11633594,11605938,11667969,11258125,11156406,11067656,11678594,11064531,11073906,11244375,11047813,-9999
12,12,12297500,11937063,11483063,11686719,11686406,11694063,11311719,11182813,11139375,11681563,11126719,11170156,11254688,11073906,-9999
12,13,12359757,11981750,11542156,11755000,11763594,11772813,11361875,11240000,11231875,11662813,11297969,11221250,11319375,11103281,-9999
12,14,12416007,12044813,11600594,11828281,11854375,11895625,11448125,11232813,11283281,11640625,11427813,11322500,11436719,11151250,-9999
12,15,12480104,12107438,11656563,11892188,11941250,11908125,11570156,11253750,11310938,11682813,11526094,11411406,11520000,11208125,-9999
12,16,12531493,12162875,11714016,11992344,12038594,11915000,11659531,11282031,11350313,11731563,11648750,11408750,11488594,11236094,-9999
12,17,12566042,12223500,11767844,12059063,12137188,11907344,11696719,11348750,11403750,11703594,11755000,11367344,11254375,11272188,-9999
12,18,12597847,12272375,11827016,12094063,12180781,11934063,11748594,11476875,11509688,11687969,11803438,11354531,11424375,11462969,-9999
12,19,12634618,12338750,11890625,12155469,12199219,11989531,11773906,11645313,11623906,11706719,11826563,11317188,11661875,11544531,-9999
12,20,12671076,12397688,11944469,12136406,12219375,12071719,11776875,11803281,11716406,11727188,11820469,11328594,11750313,11549688,-9999
12,21,12709097,12451313,11993938,12151094,12316406,12153438,11827031,11857031,11824219,11775938,11854531,11404688,11880938,11536250,-9999
12,22,12744375,12514236,12048688,12203438,12431094,12195313,11891094,11864375,11929531,11889375,11891719,11490781,11976094,11519531,-9999
12,23,12792917,12580972,12102438,12259219,12511719,12190000,11935313,11892656,12055000,11989063,11894531,11549375,11942344,11507969,-9999
12,24,12841563,12639931,12150594,12327500,12523594,12227500,11978906,11935156,12094063,12059531,11947500,11567969,-9999,11676875,-9999
12,25,12879340,12678681,12187594,12394531,12527813,12181719,12018594,11993281,12094531,12124531,12009219,11585625,11841719,11745000,-9999
12,26,12899102,12729931,12230453,12436875,12495938,12150313,12091094,12050313,12055625,12141719,12087344,11631406,12036875,11859531,-9999
12,27,12923164,12750375,12264766,12477813,12504219,12219688,12149375,12075625,12101406,12116719,12153125,11653125,12076719,11962344,-9999
12,28,12955898,12797000,12298328,12516719,12554219,12324531,12183594,12102344,12170781,12133281,12204688,11717656,12108438,12070469,-9999
12,29,12993090,12833938,12335969,12550938,12586406,12320938,12194688,12168125,12236563,12181250,12232969,11799375,12295156,12097188,-9999
12,30,13033958,12871938,12383063,12635313,12618750,12285156,12236094,12245469,12304531,12207656,12252656,11865781,12387656,12057500,-9999
12,31,13099479,12913563,12415532,12720625,12655938,12265000,12282188,12290000,12369688,12230156,12255469,11914688,12455156,11976563,-9999
